219810.91164908078 161508.0 74552.0 
294791.0909440786 278408.0 48453.0 
353414.05585658306 50731.0 174877.0 
609914.712349194 603436.0 44331.0 
627638.4521593623 625215.0 27551.0 
682065.5767006571 680174.0 25381.0 
746241.7633260685 745734.0 13762.0 
772087.5146069906 771834.0 9892.0 
883728.5120148609 883552.0 8831.0 
922200.4595618027 922096.0 6940.0 
924703.2936336931 924661.0 4422.0 
933084.6141508282 933069.0 2699.0 
952959.1135153701 952956.0 1218.0 
993942.1329031183 993942.0 257.0 
1085224.9512373 31832.0 542379.0 
1384233.8075430032 23869.0 692014.0 
1555020.0507067426 18500.0 777455.0 
1569938.0359316734 14829.0 784934.0 
1681928.42413463 11946.0 840943.0 
1707524.3290143774 1060.0 853762.0 
1961512.0964115923 615.0 980756.0 
1999668.0144023907 240.0 999834.0 
