792379.1077135995 721930.0 76350.0 96243.0 
853611.5514073131 421748.0 354353.0 73422.0 
868500.5010038854 597622.0 150438.0 184576.0 
868584.2077334817 525292.0 318402.0 90054.0 
871621.1918408134 385249.0 124176.0 247123.0 
877292.6000052663 657632.0 200013.0 140294.0 
885377.9754285737 687341.0 233681.0 101669.0 
886749.2159951426 554718.0 291450.0 124204.0 
891088.5409144256 325479.0 153526.0 256866.0 
909212.5459192697 848923.0 116696.0 75664.0 
921307.754725857 721535.0 227549.0 115989.0 
928869.9368334622 619202.0 333541.0 61815.0 
930979.5318276337 416197.0 315164.0 181411.0 
934644.9612660414 686412.0 71170.0 206058.0 
938791.4513745852 359601.0 232551.0 243971.0 
941451.7873991211 913981.0 97655.0 37748.0 
953891.5663244958 536497.0 309868.0 162620.0 
956280.6585861705 690657.0 185442.0 182547.0 
973316.8867681276 355884.0 370672.0 173558.0 
978201.2989083587 720099.0 324374.0 44047.0 
980599.3386709987 773225.0 300872.0 13343.0 
980750.8343182788 729650.0 319405.0 48768.0 
998471.1926245043 798906.0 291106.0 46813.0 
1002705.2195765214 520065.0 266227.0 223965.0 
1009371.363121126 953085.0 17255.0 110186.0 
1016966.8745716352 994056.0 103883.0 17974.0 
1019985.582977034 909571.0 222694.0 40388.0 
1025209.8705674853 900767.0 57613.0 158604.0 
1025970.5667381496 635242.0 393010.0 58931.0 
1031094.3880212907 999872.0 125220.0 8765.0 
1035126.0888534305 996440.0 57330.0 85275.0 
1037620.5278814601 961565.0 193492.0 15960.0 
1042129.780429002 989434.0 77513.0 96045.0 
1048287.425281826 995782.0 20248.0 108364.0 
1057059.0450835752 399097.0 354011.0 225290.0 
1058067.7549670436 469596.0 464291.0 63877.0 
1059946.2103210709 998569.0 16519.0 117971.0 
1073118.6724798894 360978.0 480877.0 103445.0 
1078957.9353172209 959990.0 17075.0 163776.0 
1098059.7640301734 348343.0 394301.0 226691.0 
1102333.9151718048 290013.0 401580.0 232371.0 
1106047.337891557 983255.0 6637.0 168778.0 
1106150.1841996864 950553.0 282020.0 14438.0 
1106179.5611382448 996438.0 239575.0 11352.0 
1112614.2215921024 297428.0 442838.0 201391.0 
1142614.5325108552 749786.0 39761.0 286175.0 
1162850.2884606428 925582.0 44684.0 232745.0 
1167934.4225807372 694490.0 468885.0 16131.0 
1184054.5503421708 991909.0 6454.0 215493.0 
1187794.9007067676 520054.0 533651.0 11865.0 
1188397.649786047 989151.0 329052.0 9240.0 
1217343.2910391383 696699.0 65893.0 329843.0 
1234855.4705041396 728597.0 47140.0 330845.0 
1241957.4668695382 269352.0 547740.0 173151.0 
1250443.6388898143 529130.0 56754.0 375758.0 
1256126.9619158725 268276.0 343763.0 338820.0 
1266862.9988554406 777293.0 500093.0 6544.0 
1267063.510462676 341719.0 598786.0 77817.0 
1267475.693482522 473759.0 586406.0 26996.0 
1282743.9255673753 659804.0 12480.0 366586.0 
1296352.2586218608 368431.0 619524.0 32571.0 
1299003.6527808534 437071.0 610058.0 29243.0 
1309424.8815124906 156324.0 273901.0 393004.0 
1314370.370801929 229953.0 560356.0 215689.0 
1323467.931963597 276404.0 488753.0 282774.0 
1347405.1941227627 300221.0 627631.0 128964.0 
1367371.58703185 214923.0 650189.0 121349.0 
1369073.5542362214 328547.0 656205.0 69920.0 
1385548.8181572673 224373.0 369646.0 383384.0 
1396376.4164110622 384662.0 115532.0 440771.0 
1398673.1189870634 230152.0 438236.0 355139.0 
1414068.9870770096 448897.0 115526.0 440290.0 
1437434.1831110043 225476.0 212405.0 451530.0 
1441564.3167299195 165351.0 454739.0 368724.0 
1446718.909091189 112903.0 329704.0 427581.0 
1451923.1111302003 130373.0 623996.0 243493.0 
1469499.6595657992 629086.0 45549.0 441636.0 
1470012.5170637153 163622.0 593794.0 283588.0 
1471275.4951731507 995869.0 541478.0 3380.0 
1509106.3364484955 86793.0 567104.0 330562.0 
1530030.8848023298 355819.0 78681.0 493246.0 
1552168.934603447 63718.0 749085.0 133606.0 
1571081.0261259603 589224.0 14837.0 485367.0 
1572662.8898238172 339185.0 760855.0 68816.0 
1581301.303684089 82895.0 588789.0 350706.0 
1584280.2350345093 290564.0 775384.0 47883.0 
1590374.0236334344 230798.0 774865.0 90896.0 
1599575.0661450685 146049.0 319673.0 486318.0 
1621042.2295292001 209692.0 744291.0 202191.0 
1632504.648616965 948306.0 664397.0 3226.0 
1642023.1670293205 997038.0 3402.0 434883.0 
1646276.5537843269 80564.0 819420.0 44646.0 
1647655.8415470144 993550.0 657190.0 1926.0 
1650180.9055894448 189356.0 813603.0 66200.0 
1655703.4796185577 260031.0 162513.0 534176.0 
1667908.3464534255 892548.0 704482.0 3279.0 
1687122.6509619863 56106.0 780584.0 212391.0 
1703573.0007768965 743168.0 766402.0 6448.0 
1713232.4555418626 146611.0 246010.0 544833.0 
1722336.4090853448 519136.0 32203.0 546991.0 
1752007.3599323148 877419.0 758232.0 540.0 
1752043.674840613 462737.0 844243.0 22476.0 
1770626.904510377 26016.0 465434.0 501988.0 
1771253.8689600653 259029.0 170078.0 572959.0 
1781592.1261046256 460539.0 859683.0 25287.0 
1782162.7204068657 13116.0 878053.0 101118.0 
1812944.4141329871 154876.0 237272.0 580956.0 
1813119.1236984404 843768.0 9042.0 534907.0 
1817111.4216406764 221106.0 149475.0 592887.0 
1825171.3542974533 100078.0 559330.0 479564.0 
1825238.8040201752 607303.0 860488.0 10118.0 
1830110.71299143 165509.0 910653.0 22989.0 
1834172.434267291 66111.0 703406.0 391677.0 
1839103.5326131044 368425.0 898787.0 41221.0 
1848507.0272092556 606741.0 872922.0 9845.0 
1850536.1967940535 111524.0 281025.0 586529.0 
1858587.3240593243 738247.0 852678.0 11051.0 
1877009.3556868597 49462.0 667038.0 439818.0 
1877103.3441310576 59846.0 671322.0 436812.0 
1901384.1963222479 448674.0 923711.0 10464.0 
1909376.2764725029 287796.0 103887.0 625364.0 
1916471.9842982313 542794.0 918896.0 9190.0 
1916492.1592192857 2146.0 897434.0 223951.0 
1926839.4298386672 25306.0 698026.0 442607.0 
1944965.852678396 798063.0 886798.0 6190.0 
1951697.1228315628 845617.0 879477.0 3864.0 
1954921.1133664704 72907.0 968627.0 83963.0 
1962968.9605625453 333616.0 966915.0 15808.0 
1973857.043803578 158536.0 146107.0 648553.0 
1978385.1585512867 121590.0 985150.0 43642.0 
1980154.7742358425 738101.0 918696.0 4836.0 
1982687.6239064992 289726.0 980660.0 6082.0 
1985351.4915374557 59287.0 988995.0 53397.0 
1987749.3235043497 397056.0 973635.0 13472.0 
1995335.7578908869 64567.0 423565.0 601809.0 
1999637.2701157578 42430.0 997572.0 42360.0 
2002444.6913705256 88881.0 999947.0 16017.0 
2006101.4521197577 42727.0 996499.0 74964.0 
2031314.070364551 960749.0 6281.0 596568.0 
2044999.7702630677 272228.0 72723.0 673858.0 
2064351.3201209237 29196.0 802595.0 432571.0 
2076789.0449877186 665905.0 10855.0 655672.0 
2099863.7041229606 518490.0 41804.0 677709.0 
2106807.228604696 25119.0 465252.0 630006.0 
2126682.034377965 997961.0 2380.0 625995.0 
2156029.9890975542 147428.0 179090.0 706984.0 
2157752.5412820163 23403.0 377891.0 673642.0 
2163051.5797310523 571578.0 23721.0 695209.0 
2165058.236533373 197926.0 105974.0 715183.0 
2182346.4433412035 47446.0 456519.0 660534.0 
2188834.1919151847 13854.0 803575.0 495297.0 
2229388.0244394424 921559.0 7334.0 676649.0 
2268898.2373817475 77573.0 78982.0 754021.0 
2269351.024523311 1318.0 379855.0 712803.0 
2294892.4075110797 428750.0 62152.0 750352.0 
2337979.1712019164 903791.0 8209.0 718721.0 
2349663.7403530744 197913.0 8972.0 780415.0 
2417898.7342674215 862968.0 5479.0 752876.0 
2434982.7418536255 12617.0 687753.0 669740.0 
2444895.941401392 886931.0 4268.0 759444.0 
2463220.3989357105 1881.0 982387.0 495212.0 
2513183.730684448 449168.0 8774.0 824219.0 
2558950.8135165474 744832.0 8591.0 816031.0 
2573985.227344749 588332.0 8469.0 835263.0 
2574342.2311716834 7755.0 888910.0 620621.0 
2616386.3286097487 67694.0 128010.0 867650.0 
2630280.376673939 57170.0 211023.0 865190.0 
2650192.182674494 65762.0 364964.0 848947.0 
2679367.0304913437 843782.0 5226.0 847672.0 
2698260.105888422 848649.0 581.0 853776.0 
2728146.8843601514 727352.0 4294.0 876462.0 
2859486.539950486 43031.0 246727.0 938753.0 
2862571.1030536867 19881.0 260523.0 938227.0 
2865277.523237845 24860.0 327483.0 929768.0 
2867768.007786892 18659.0 197393.0 946801.0 
2878253.4869072945 40073.0 188061.0 951097.0 
2885700.9763459554 706396.0 6839.0 932624.0 
2908279.408458204 73745.0 61997.0 968233.0 
2909030.9414342777 549323.0 6741.0 952221.0 
2913018.8531209338 399465.0 3029.0 961831.0 
2930073.305907038 34308.0 167815.0 970195.0 
2931192.8732618396 181606.0 50278.0 974611.0 
2953154.017999908 56853.0 137982.0 979894.0 
2953527.8753937637 15662.0 251439.0 970120.0 
2971733.2862134515 33247.0 43661.0 990088.0 
2977760.1746799555 107053.0 38265.0 991617.0 
2997682.095005573 41318.0 21356.0 999031.0 
3000308.9251988702 375738.0 4960.0 992224.0 
3006732.8432305055 400169.0 794.0 993328.0 
3009618.209672117 344347.0 3667.0 996615.0 
3051830.165972707 12631.0 319084.0 994778.0 
3065629.6111873984 7173.0 373444.0 991082.0 
3139603.330413095 431.0 936157.0 840076.0 
3160377.526480974 765.0 560455.0 984973.0 
