109126.76002246195 52232.0 17176.0 29815.0 
136333.9349428454 74878.0 45159.0 23149.0 
260898.78995503217 28720.0 60445.0 76470.0 
289574.35142809176 38846.0 129354.0 41385.0 
341028.1132941975 322118.0 39359.0 26549.0 
348807.46274986723 255543.0 9657.0 78875.0 
352521.43388594117 10407.0 163838.0 43194.0 
391084.54321540246 264561.0 2193.0 95995.0 
399896.5705604388 208245.0 168740.0 17187.0 
404270.43278478825 21496.0 26809.0 133374.0 
404892.0501467027 400692.0 2526.0 19316.0 
451671.4967473595 4297.0 26893.0 149479.0 
464814.80669724796 461630.0 18744.0 13103.0 
595651.1402775957 516293.0 148376.0 4473.0 
638534.1294003007 148895.0 13889.0 206770.0 
659727.2555761207 116565.0 324315.0 10175.0 
674937.6810824834 2021.0 262399.0 141470.0 
768371.9628493742 68752.0 382121.0 13345.0 
811488.0247428177 414566.0 348478.0 10001.0 
819996.6115570235 23841.0 24550.0 272726.0 
839056.4468842368 478771.0 344292.0 8473.0 
861195.2453700613 594444.0 311557.0 1582.0 
889513.3746841584 640161.0 1715.0 205863.0 
897319.6828271404 10103.0 421371.0 102668.0 
946924.2116711347 6790.0 464855.0 59869.0 
972847.4235839862 205839.0 10791.0 316859.0 
975962.6001461326 975058.0 15438.0 9496.0 
1005244.6054965926 960220.0 148732.0 1024.0 
1106688.5964484317 122415.0 3735.0 366624.0 
1113977.8341529062 165814.0 550764.0 3134.0 
1136928.7629618666 61075.0 8660.0 378385.0 
1286474.6265266952 34358.0 640261.0 39581.0 
1441734.6311318877 62125.0 719028.0 27354.0 
1451874.8844542357 86254.0 724646.0 2441.0 
1456766.5377571657 88518.0 7017.0 484669.0 
1503726.0637416644 60420.0 751005.0 12942.0 
1753400.6682184765 884053.0 705.0 504740.0 
1788000.6700317536 262611.0 884304.0 919.0 
1794214.429690331 7052.0 893109.0 56353.0 
1834365.2811915625 747.0 362232.0 561748.0 
1891575.639960771 27212.0 9065.0 630431.0 
1901610.5932585145 505684.0 392.0 611047.0 
1965482.5215386678 1961.0 818146.0 362961.0 
2164416.0854985807 21638.0 26782.0 721215.0 
2225468.607846222 677.0 396287.0 693184.0 
2318159.3638919652 4292.0 88710.0 770452.0 
2536750.227871873 11780.0 10736.0 845544.0 
